dist
0.901216
1.081054
0.560674
0.023577
0.005737
0.002874
0.002731
0.002200
0.001823
0.000569
0.000454
0.000649
0.901216
1.081054
0.560674
0.023577
0.005737
0.002874
0.002731
0.002200
0.001823
0.000569
0.000454
0.000649
0.901216
1.081054
0.560674
0.023577
0.005737
0.002874
0.002731
0.002200
0.001823
0.000569
0.000454
0.000649
0.901216
1.081054
0.560674
0.023577
0.005737
0.002874
0.002731
0.002200
0.001823
0.000569
0.000454
0.000649
0.901216
1.081054
0.560674
0.023577
0.005737
0.002874
0.002731
0.002200
0.001823
0.000569
0.000454
0.000649
0.901216
1.081054
0.560674
0.023577
0.005737
0.002874
0.002731
0.002200
0.001823
0.000569
0.000454
0.000649
0.901216
1.081054
0.560674
0.023577
0.005737
0.002874
0.002731
0.002200
0.001823
0.000569
0.000454
0.000649
0.901216
1.081054
0.560674
0.023577
0.005737
0.002874
0.002731
0.002200
0.001823
0.000569
0.000454
0.000649
0.901216
1.081054
0.560674
0.023577
0.005737
0.002874
0.002731
0.002200
0.001823
0.000569
0.000454
0.000649
