dist
0.741801
0.394594
0.465478
0.615100
0.407001
0.677671
0.722650
0.461862
0.416617
0.450028
0.439551
0.516506
0.416667
0.461862
0.555250
0.472954
0.570331
0.546257
0.500000
0.394594
0.532293
0.630200
0.407001
0.500000
0.676619
0.641943
0.258751
0.666667
0.498255
0.258751
0.655735
0.498720
0.459938
0.376390
0.394594
0.555250
0.554565
0.375962
0.386861
0.643652
0.427108
0.370059
0.569669
0.529129
0.481125
0.371461
0.375962
0.571429
0.483602
0.570331
0.481437
0.450028
0.441844
0.331847
0.416667
0.407001
0.500000
0.422650
0.439551
0.516506
0.416667
0.394594
0.307065
0.595774
0.542396
0.571429
0.666667
0.519616
0.500000
0.615100
0.498720
0.654967
0.630200
0.445300
0.481125
0.416667
0.411652
0.546257
0.445300
0.481125
0.599108
0.676619
0.615385
0.500000
0.554565
0.394594
0.614242
0.537750
0.461862
0.571429
