-10.571727
-0.030668
-1.546168
-1.710830
-0.224506
-205.888216
-1.415643
-0.080750
0.683644
-0.570413
-0.639469
0.811887
1.065543
-0.006073
0.664580
1.290969
1.224196
-1.859892
0.122711
0.997082
-0.282394
-0.242047
-0.128617
0.825999
1.445684
-132.880546
0.772270
0.638150
-0.012818
0.372900
1.222493
0.853004
0.217765
0.925868
1.158118
0.736303
-5.275092
-4.105595
1.325587
-1.343655
-0.621480
-0.925728
1.383468
-17.807113
-5.419810
-2.484095
1.187003
0.658503
-0.545596
-0.871627
0.190968
-0.018463
1.536903
1.414397
0.288681
0.407759
1.434927
1.285492
0.990761
0.714811
1.461775
0.707810
-5.208257
-10.407130
0.116690
0.977819
1.220112
0.601384
1.180258
1.401110
0.479802
0.129598
0.981659
0.685915
-6.128537
1.503976
1.564011
-0.057686
-0.302918
-0.523861
0.776510
-0.312376
-2.109375
-0.633695
-1.853320
1.057017
-13.034599
0.481805
-0.009230
0.059273
1.441977
1.173671
1.257953
1.502815
1.185381
1.330176
1.569382
1.478025
1.552407
1.469979
1.426452
1.480680
1.423800
1.498492
1.458862
1.491661
1.424683
1.377923
1.442318
1.130730
1.189211
1.486136
1.504810
1.458346
1.366550
1.422323
1.498074
1.540290
1.573541
1.194971
1.357014
1.444286
1.494442
1.555188
1.465955
1.458729
1.387449
1.436033
1.450233
1.423403
1.462357
1.378577
1.241773
1.486303
1.425770
1.445076
1.409183
1.448359
1.490908
1.388439
1.464635
1.438111
1.457388
1.435894
1.450339
1.562920
1.507935
1.425554
1.489969
1.498267
1.445464
1.475046
1.380890
1.375443
1.410064
1.437814
1.497386
1.426303
1.352636
1.484582
1.478996
1.467442
1.496549
1.472781
1.396930
1.465398
1.443680
1.470027
1.407388
1.429553
1.460328
1.504667
1.451337
1.460999
1.425786
1.461503
1.496984
1.441577
1.396223
1.406244
1.417906
1.454456
1.413121
1.385869
1.374607
1.410317
1.392641
1.409054
1.450786
1.435918
1.434705
1.477291
1.418837
1.472751
1.426210
1.472259
1.454827
1.473742
1.456682
1.428611
1.536614
1.466878
1.377212
1.453104
1.440680
1.544741
1.480568
1.443473
1.435248
1.452308
1.404073
1.473090
1.464287
1.525192
1.452300
1.472164
1.437989
1.438214
1.435713
1.426517
1.429700
1.436865
1.391910
1.412105
1.438527
1.389104
1.465193
1.491939
1.464728
1.414022
1.487983
1.502058
1.509090
1.466058
1.432106
1.424975
1.450676
1.489153
1.435859
1.503924
1.398940
1.471326
1.503166
1.485400
1.463837
1.453215
1.466346
1.434678
1.519536
1.482591
1.445922
1.468222
1.476121
1.435034
1.448454
1.493549
1.376327
1.532856
1.429070
1.447721
1.479413
1.449661
1.438777
1.463104
1.451922
1.446924
1.448047
1.478506
1.459808
1.423643
1.437962
1.468092
1.464865
1.444346
1.469182
1.462498
1.417274
1.451218
1.439469
1.458593
1.448343
1.430908
1.462214
1.457654
1.406919
1.437829
1.469527
1.425125
1.465716
1.487128
1.424759
1.440178
1.448928
1.439639
1.433962
1.478353
1.430599
1.491729
1.454182
1.461690
1.459742
1.460958
1.449060
1.441204
1.458239
1.469572
1.460018
1.449963
1.426234
1.448920
1.480695
1.434681
1.446287
1.427078
1.425159
1.460638
1.414220
1.446094
1.443454
1.434272
1.445578
1.404560
1.455902
1.440108
1.431343
1.456299
1.429501
1.454262
1.460892
1.470019
1.453587
1.468978
1.438237
1.476046
1.454424
1.451401
1.480911
1.466928
1.441232
1.428955
1.489441
1.419374
1.446354
1.454535
1.439146
1.447080
1.437842
1.447242
1.471340
1.436248
1.452807
1.414110
1.473355
1.443760
1.445531
1.417558
1.417923
1.373732
1.443767
1.457577
1.551364
1.259157
0.654494
0.056023
-3.533847
0.634420
0.971077
-0.236978
-0.795855
-0.041965
-1.309281
-12.957334
-3.143543
1.045806
-0.411982
1.284620
0.453980
-2.760042
-78.725314
1.531117
1.183414
0.651237
1.016045
0.971703
1.196282
0.706387
-1.262335
1.431275
-0.722451
0.707358
