dist
0.583333
0.346280
0.386861
0.388225
0.803884
0.516506
0.578363
0.414631
0.629375
0.465478
0.490972
0.309934
0.607163
0.554601
0.481437
0.500000
0.583975
0.481437
0.552786
0.519616
0.546257
0.250000
0.615385
0.614242
0.518875
0.375962
0.398662
0.655735
0.461862
0.611078
0.666667
0.307692
0.331847
0.643652
0.408688
0.407001
0.444444
0.514637
0.300146
0.465478
0.411652
0.622036
0.777778
0.407001
0.481125
0.478251
0.477024
0.448175
0.376390
0.703500
0.407001
0.595774
0.461538
0.555250
0.583333
0.461862
0.492907
0.500000
0.411652
0.351796
0.732739
0.331006
0.496047
0.500000
0.498720
0.465478
0.416667
0.427108
0.516506
0.630200
0.538462
0.521909
0.434084
0.641943
0.546257
0.514929
0.359487
0.500000
0.569669
0.461538
0.435924
0.798992
0.555250
0.378941
0.483602
0.749127
0.611078
0.528595
0.615385
0.433053
0.777778
0.641943
0.370059
0.764298
0.629375
0.282863
0.597985
0.481125
0.496047
0.655735
0.445300
0.500000
0.518875
0.798198
0.407001
0.732739
0.467819
0.559041
0.416667
0.481125
0.629375
0.554565
0.555250
0.358467
0.583333
0.461862
0.500000
0.569669
0.481125
0.546257
0.353238
0.538462
0.585961
0.397536
0.498720
0.331847
0.569669
0.427344
0.448175
0.514929
0.411652
0.532293
0.578363
0.407001
0.571429
0.732739
0.583975
0.571429
0.472954
0.555250
0.723974
0.643652
0.427108
0.555250
0.514929
0.498255
0.433053
0.483602
0.615385
0.555250
0.711325
0.427344
0.447948
0.578363
0.490972
0.351796
0.483602
0.538462
0.691393
0.569669
0.519616
0.496047
0.569669
0.461862
0.428571
0.403715
0.394594
0.496047
0.630200
0.477024
0.599108
0.371461
0.570331
0.447948
0.514929
0.255792
0.386861
0.472954
0.629375
0.331847
0.445300
0.514637
0.532293
0.583333
0.599680
0.622036
0.630200
0.703500
0.331847
0.514929
0.538462
0.629375
0.396977
0.445300
0.665923
0.333333
0.359487
0.465478
0.615100
0.375962
0.465478
0.569669
0.498720
0.496047
0.655735
0.498720
0.570802
0.500000
0.461538
0.307065
0.554565
0.498720
0.378941
0.554565
0.529129
0.571429
0.528595
0.363715
0.555250
0.583333
0.427108
0.496047
0.643652
0.283885
0.398662
0.397536
0.599680
0.357143
0.445300
0.570331
0.382787
0.595774
0.427108
0.481437
0.655735
0.581879
0.532293
0.583333
0.445300
0.407001
0.397536
0.411652
0.537090
0.518875
0.679744
0.407001
0.500000
0.327327
0.428571
0.464697
0.514637
0.331847
0.465478
0.641943
0.703500
0.583333
0.386059
0.398662
0.711325
0.394594
0.597089
0.465478
0.461862
0.465478
0.434084
0.411652
0.516954
0.445300
0.461538
0.527544
0.465478
0.260060
0.407001
0.569669
0.375962
0.282863
0.528595
0.414631
0.407001
0.741801
0.306625
0.228483
0.514929
0.519616
0.309934
0.583333
0.498720
0.416617
0.607163
0.346280
0.465478
0.537750
0.481125
0.481125
0.569669
0.570331
0.585961
0.376390
0.411652
0.398662
0.260400
0.407001
0.309934
0.537750
0.570331
0.285714
0.500000
0.192793
0.325547
0.554565
0.306625
0.428571
0.272393
0.384615
0.398662
0.607163
0.407001
0.622036
0.615100
0.283885
0.537090
0.578363
0.519616
0.447948
0.445300
0.445300
0.357143
0.554565
0.384615
0.435924
0.583333
0.630200
0.309934
0.569669
0.407001
0.357143
0.397536
0.477024
0.516506
0.554565
0.427108
0.492907
0.537750
0.427108
0.428571
0.353238
0.355497
0.378941
0.418086
0.599680
0.370059
0.597985
0.498255
0.435924
0.698489
0.283885
0.407001
0.518875
0.498720
0.527544
0.260400
0.498720
0.398662
0.376390
0.427108
0.331847
0.694112
0.461862
0.435924
0.367544
0.247382
0.516506
0.353238
0.461538
0.258751
0.483602
0.445300
0.309934
0.615100
0.307692
0.398662
0.396977
0.414631
0.331847
0.537750
0.375962
0.309934
0.643652
0.629375
0.351796
0.445300
0.355497
0.459938
0.615100
0.481125
0.516954
0.353238
0.439551
0.307065
0.595774
0.498255
0.500000
0.396977
0.407001
0.357143
0.444444
0.439551
0.402386
0.445300
0.439551
0.305635
0.326425
0.461538
0.307065
0.371461
0.481125
0.286976
0.554565
0.307692
0.459938
0.711325
0.359487
0.407001
0.472954
0.481125
0.481125
0.333333
0.519616
0.382787
0.367544
0.332876
0.537090
0.333333
0.279423
0.407001
0.422650
0.481125
0.614242
0.569669
0.346280
0.481125
0.352850
0.427108
0.516506
0.422650
0.411652
0.198216
0.422650
0.498720
0.408392
0.326425
0.445300
0.448175
0.445300
0.615385
0.181077
0.655735
0.407001
0.202919
0.528595
0.407001
0.435924
0.352850
0.555250
0.378941
0.537750
0.407001
0.305635
0.497481
0.414631
0.554565
0.554565
0.445300
0.214286
0.597985
0.498255
0.447948
0.445300
0.359487
0.447948
0.483602
0.306625
0.351796
0.444444
0.665503
0.357143
0.445300
0.306625
0.309934
0.597985
0.386059
0.459938
0.296474
0.298354
0.286976
0.367544
0.439551
0.407001
0.311470
0.439551
0.274759
0.352850
0.599680
0.435924
0.434084
0.247382
0.378941
0.500000
0.509710
0.357143
0.296474
0.407001
0.407001
0.311470
0.555250
0.481437
0.615100
0.414631
0.459938
0.518875
0.514637
0.285714
0.472954
0.473765
0.378941
0.396977
0.283885
0.386861
0.518875
0.306625
0.382787
0.807550
0.498720
0.481125
0.666667
0.481125
0.307065
0.445300
0.407001
0.285714
0.497481
0.172830
0.428571
0.445300
0.538462
0.465478
0.514929
0.461538
0.500000
0.445300
0.427108
0.481125
0.376390
0.394594
0.378941
0.500000
0.306625
0.309934
0.630200
0.327327
0.331847
0.422650
0.461538
0.447948
0.376390
0.481125
0.459938
0.311470
0.306625
0.428571
0.518875
0.384615
0.481125
0.422650
0.439551
0.500000
0.260400
0.427108
0.240928
0.465478
0.407001
0.447948
0.396977
0.407001
0.382787
0.272393
0.307692
0.448175
0.514929
0.542396
0.222156
0.416667
0.384615
0.378941
0.496047
0.561471
0.481437
0.352850
0.307692
0.332876
0.333333
0.538462
0.571429
0.554565
0.481125
0.481125
0.569669
0.283885
0.577423
0.583333
0.306625
0.407001
0.396977
0.384615
0.305635
0.287303
0.599680
0.459938
0.518875
0.519616
0.459938
0.287303
0.307692
0.286976
0.472954
0.445300
0.332876
0.630200
0.300087
0.408392
0.741801
0.570331
0.398662
0.352850
0.283885
0.433053
0.472954
0.332876
0.428571
0.376390
0.615385
0.382787
0.578363
0.414631
0.433053
0.444444
0.498720
0.285714
0.643652
0.258751
0.435924
0.711325
0.519616
0.258751
0.554565
0.279423
0.305635
0.422650
0.359487
0.309934
0.643652
0.445300
0.459938
0.630200
0.407001
0.382787
0.311470
0.260060
0.286976
0.353238
0.283885
0.433053
0.376390
0.386059
0.407001
0.630200
0.618229
0.332876
0.422650
0.481125
0.184626
0.555556
0.445300
0.407001
0.554565
0.283885
0.555250
0.646447
0.514637
0.184626
0.352850
0.561471
0.370059
0.465478
0.427108
0.428571
0.444444
0.260060
0.407001
0.445300
0.538462
0.382787
0.296474
0.394594
0.378941
0.422650
0.538462
0.398662
0.595774
0.461538
0.265032
0.367544
0.538462
0.258751
0.396977
0.306625
0.428571
0.500000
0.427108
0.555250
0.514929
0.411652
0.447948
0.333333
0.555250
0.481125
0.478251
0.279423
0.357143
0.410744
0.411652
0.307065
0.464697
0.538462
0.357143
0.666667
0.306625
0.282863
0.643652
0.445300
0.500000
0.396977
0.461862
0.465478
0.397536
0.355497
0.357143
0.410744
0.561471
0.459938
0.376390
0.461862
0.407001
0.397536
0.414631
0.447948
0.497481
0.481125
0.323877
0.497481
0.307692
0.416617
0.326425
0.414631
0.428571
0.518875
0.384615
0.428571
0.376390
0.427108
0.465478
0.569669
0.414631
0.342624
0.262135
0.461862
0.305635
0.445300
0.212274
0.614242
0.311470
0.375962
0.428571
0.583333
0.411652
0.228483
0.465478
0.331006
0.240928
0.352850
0.306625
0.459938
0.465478
0.332876
0.428571
0.595774
0.649177
0.500000
0.683772
0.461538
0.378941
0.630200
0.355497
0.309934
0.569669
0.280908
0.258751
0.750000
0.445300
0.459938
0.445300
0.407001
0.309934
0.444444
0.346280
0.428571
0.445300
0.427108
0.357143
0.472954
0.555250
0.309934
0.497481
0.332876
0.331847
0.537750
0.461538
0.516506
0.434084
0.375962
0.459938
0.367544
0.332876
0.357143
0.326425
0.414631
0.447948
0.416667
0.212274
0.407001
0.537750
0.384615
0.516954
0.434084
0.384615
0.382787
0.528595
0.375962
0.331847
0.445300
0.258751
0.265032
0.483602
0.384615
0.398662
0.615100
0.414631
0.407001
0.518875
0.407001
0.516954
0.497481
0.306625
0.331847
0.555556
0.307692
0.465478
0.397536
0.481125
0.459938
0.555556
0.327327
0.516506
0.595774
0.331006
0.171921
0.595774
0.307692
0.351796
0.262135
0.384615
0.382787
0.422650
0.384615
0.378941
0.497481
0.514637
0.331847
0.410744
0.498720
0.378941
0.296474
0.384615
0.309934
0.296474
0.461538
0.428571
0.541169
0.407001
0.331847
0.352850
0.375962
0.332876
0.260400
0.386059
0.516506
0.353238
0.355497
0.555250
0.422650
0.384615
0.331847
0.500000
0.355497
0.537090
0.422650
0.473765
0.214286
0.472954
0.498720
0.309934
0.445300
0.538462
0.214286
0.578363
0.538462
0.171921
0.555556
0.384615
0.331847
0.422650
0.414631
0.398662
0.500000
0.283885
0.378941
0.497481
0.332876
0.198216
0.376390
0.407001
0.357143
0.497481
0.461862
0.537090
0.630200
0.407001
0.355342
0.569669
0.283885
0.331847
0.497481
0.439551
0.307065
0.396977
0.427108
0.398662
0.352850
0.237287
0.184626
0.497481
0.481125
0.459938
0.569669
0.355497
0.309934
0.518875
0.280908
0.382787
0.643652
0.414631
0.331847
0.597985
0.407001
0.307065
0.666667
0.327327
0.398662
0.396977
0.384615
0.407001
0.518875
0.307692
0.244071
0.352850
0.355497
0.516954
0.422650
0.307692
0.433053
0.497481
0.283885
0.286976
0.472954
0.306625
0.355342
0.465478
0.210648
0.407001
0.396977
0.307692
0.447948
0.262135
0.473765
0.516954
0.597985
0.300087
0.447948
0.578363
0.375962
0.555250
0.815100
0.439551
0.428571
0.472954
0.555250
0.492907
0.537750
0.439551
0.351796
0.583333
0.331006
0.357143
0.230200
0.514637
0.332876
0.352850
0.110501
0.481125
0.554565
0.346280
0.382787
0.445300
0.307692
0.428571
0.595774
0.306625
0.309934
0.497481
0.384615
0.331847
0.371461
0.307692
0.382787
0.422650
0.363715
0.240928
0.741801
0.258751
0.481125
0.597985
0.407001
0.332876
0.490825
0.445300
0.240928
0.333333
0.411652
0.332876
0.326425
0.519616
0.408392
0.537750
0.407001
0.614242
0.472954
0.445300
0.402386
0.410744
0.331006
0.378941
0.434084
0.307692
0.447948
0.352850
0.481125
0.332876
0.465478
0.561471
0.481125
