epsilon
0.000100
0.000100
0.000100
0.000100
0.000100
0.000100
0.000100
0.000100
0.000100
0.000100
0.000100
0.000100
0.000100
0.000100
0.000100
0.000100
0.000100
0.000100
0.000100
0.000100
0.000100
0.000100
0.000100
0.000100
0.000100
0.000100
0.000100
0.000100
0.000100
0.000100
0.001000
0.001000
0.001000
0.001000
0.001000
0.001000
0.001000
0.001000
0.001000
0.001000
0.001000
0.001000
0.001000
0.001000
0.001000
0.001000
0.001000
0.001000
0.001000
0.001000
0.001000
0.001000
0.001000
0.001000
0.001000
0.001000
0.001000
0.001000
0.001000
0.001000
0.010000
0.010000
0.010000
0.010000
0.010000
0.010000
0.010000
0.010000
0.010000
0.010000
0.010000
0.010000
0.010000
0.010000
0.010000
0.010000
0.010000
0.010000
0.010000
0.010000
0.010000
0.010000
0.010000
0.010000
0.010000
0.010000
0.010000
0.010000
0.010000
0.010000
1.000000
1.000000
1.000000
1.000000
1.000000
1.000000
1.000000
1.000000
1.000000
1.000000
1.000000
1.000000
1.000000
1.000000
1.000000
1.000000
1.000000
1.000000
1.000000
1.000000
1.000000
1.000000
1.000000
1.000000
1.000000
1.000000
1.000000
1.000000
1.000000
1.000000
2.000000
2.000000
2.000000
2.000000
2.000000
2.000000
2.000000
2.000000
2.000000
2.000000
2.000000
2.000000
2.000000
2.000000
2.000000
2.000000
2.000000
2.000000
2.000000
2.000000
2.000000
2.000000
2.000000
2.000000
2.000000
2.000000
2.000000
2.000000
2.000000
2.000000
2.500000
2.500000
2.500000
2.500000
2.500000
2.500000
2.500000
2.500000
2.500000
2.500000
2.500000
2.500000
2.500000
2.500000
2.500000
2.500000
2.500000
2.500000
2.500000
2.500000
2.500000
2.500000
2.500000
2.500000
2.500000
2.500000
2.500000
2.500000
2.500000
2.500000
3.500000
3.500000
3.500000
3.500000
3.500000
3.500000
3.500000
3.500000
3.500000
3.500000
3.500000
3.500000
3.500000
3.500000
3.500000
3.500000
3.500000
3.500000
3.500000
3.500000
3.500000
3.500000
3.500000
3.500000
3.500000
3.500000
3.500000
3.500000
3.500000
3.500000
4.500000
4.500000
4.500000
4.500000
4.500000
4.500000
4.500000
4.500000
4.500000
4.500000
4.500000
4.500000
4.500000
4.500000
4.500000
4.500000
4.500000
4.500000
4.500000
4.500000
4.500000
4.500000
4.500000
4.500000
4.500000
4.500000
4.500000
4.500000
4.500000
4.500000
5.000000
5.000000
5.000000
5.000000
5.000000
5.000000
5.000000
5.000000
5.000000
5.000000
5.000000
5.000000
5.000000
5.000000
5.000000
5.000000
5.000000
5.000000
5.000000
5.000000
5.000000
5.000000
5.000000
5.000000
5.000000
5.000000
5.000000
5.000000
5.000000
5.000000
6.000000
6.000000
6.000000
6.000000
6.000000
6.000000
6.000000
6.000000
6.000000
6.000000
6.000000
6.000000
6.000000
6.000000
6.000000
6.000000
6.000000
6.000000
6.000000
6.000000
6.000000
6.000000
6.000000
6.000000
6.000000
6.000000
6.000000
6.000000
6.000000
6.000000
6.500000
6.500000
6.500000
6.500000
6.500000
6.500000
6.500000
6.500000
6.500000
6.500000
6.500000
6.500000
6.500000
6.500000
6.500000
6.500000
6.500000
6.500000
6.500000
6.500000
6.500000
6.500000
6.500000
6.500000
6.500000
6.500000
6.500000
6.500000
6.500000
6.500000
7.000000
7.000000
7.000000
7.000000
7.000000
7.000000
7.000000
7.000000
7.000000
7.000000
7.000000
7.000000
7.000000
7.000000
7.000000
7.000000
7.000000
7.000000
7.000000
7.000000
7.000000
7.000000
7.000000
7.000000
7.000000
7.000000
7.000000
7.000000
7.000000
7.000000
7.500000
7.500000
7.500000
7.500000
7.500000
7.500000
7.500000
7.500000
7.500000
7.500000
7.500000
7.500000
7.500000
7.500000
7.500000
7.500000
7.500000
7.500000
7.500000
7.500000
7.500000
7.500000
7.500000
7.500000
7.500000
7.500000
7.500000
7.500000
7.500000
7.500000
8.000000
8.000000
8.000000
8.000000
8.000000
8.000000
8.000000
8.000000
8.000000
8.000000
8.000000
8.000000
8.000000
8.000000
8.000000
8.000000
8.000000
8.000000
8.000000
8.000000
8.000000
8.000000
8.000000
8.000000
8.000000
8.000000
8.000000
8.000000
8.000000
8.000000
8.500000
8.500000
8.500000
8.500000
8.500000
8.500000
8.500000
8.500000
8.500000
8.500000
8.500000
8.500000
8.500000
8.500000
8.500000
8.500000
8.500000
8.500000
8.500000
8.500000
8.500000
8.500000
8.500000
8.500000
8.500000
8.500000
8.500000
8.500000
8.500000
8.500000
9.000000
9.000000
9.000000
9.000000
9.000000
9.000000
9.000000
9.000000
9.000000
9.000000
9.000000
9.000000
9.000000
9.000000
9.000000
9.000000
9.000000
9.000000
9.000000
9.000000
9.000000
9.000000
9.000000
9.000000
9.000000
9.000000
9.000000
9.000000
9.000000
9.000000
9.500000
9.500000
9.500000
9.500000
9.500000
9.500000
9.500000
9.500000
9.500000
9.500000
9.500000
9.500000
9.500000
9.500000
9.500000
9.500000
9.500000
9.500000
9.500000
9.500000
9.500000
9.500000
9.500000
9.500000
9.500000
9.500000
9.500000
9.500000
9.500000
9.500000
10.000000
10.000000
10.000000
10.000000
10.000000
10.000000
10.000000
10.000000
10.000000
10.000000
10.000000
10.000000
10.000000
10.000000
10.000000
10.000000
10.000000
10.000000
10.000000
10.000000
10.000000
10.000000
10.000000
10.000000
10.000000
10.000000
10.000000
10.000000
10.000000
10.000000
