entropy
9.743151
9.769838
9.763212
9.748193
9.766529
9.764872
9.751544
9.769838
9.774787
9.764872
9.727920
9.759888
9.771489
9.756556
9.754888
9.736402
9.773139
9.741467
9.736402
9.784635
9.748193
9.764872
9.782998
9.758223
9.761551
9.763212
9.754888
9.743151
9.764872
9.749869
9.741467
9.743151
9.743151
9.761551
9.758223
9.743151
9.761551
9.763212
9.761551
9.749869
9.764872
9.749869
9.754888
9.759888
9.761551
9.759888
9.749869
9.761551
9.758223
9.761551
9.756556
9.746514
9.761551
9.773139
9.787903
9.774787
9.771489
9.753217
9.748193
9.746514
9.748193
9.753217
9.763212
9.746514
9.759888
9.748193
9.758223
9.751544
9.759888
9.759888
9.746514
9.751544
9.774787
9.748193
9.733015
9.733015
9.753217
9.771489
9.758223
9.764872
9.758223
9.756556
9.751544
9.749869
9.754888
9.759888
9.763212
9.782998
9.753217
9.756556
9.753217
9.746514
9.748193
9.749869
9.769838
9.751544
9.754888
9.744834
9.766529
9.726218
9.758223
9.746514
9.748193
9.738092
9.763212
9.754888
9.761551
9.743151
9.744834
9.758223
9.758223
9.753217
9.756556
9.754888
9.749869
9.764872
9.738092
9.778077
9.756556
9.741467
9.749869
9.744834
9.736402
9.761551
9.758223
9.754888
9.776433
9.761551
9.768184
9.746514
9.736402
9.771489
9.748193
9.749869
9.753217
9.751544
9.754888
9.758223
9.754888
9.771489
9.753217
9.744834
9.771489
9.764872
9.763212
9.759888
9.763212
9.741467
9.734710
9.741467
9.743151
9.748193
9.724514
9.764872
9.769838
9.748193
9.761551
9.763212
9.749869
9.758223
9.769838
9.744834
9.763212
9.751544
9.759888
9.766529
9.754888
9.768184
9.758223
9.769838
9.727920
9.764872
9.754888
9.768184
9.753217
9.751544
9.741467
9.768184
9.763212
9.751544
9.748193
9.759888
9.759888
9.743151
9.731319
9.754888
9.749869
9.751544
9.761551
9.758223
9.754888
9.756556
9.741467
9.751544
9.759888
9.751544
9.771489
9.759888
9.754888
9.753217
9.771489
9.758223
9.764872
9.774787
9.753217
9.751544
9.756556
9.739781
9.743151
9.753217
9.748193
9.759888
9.746514
9.746514
9.743151
9.764872
9.748193
9.743151
9.749869
9.744834
9.761551
9.746514
9.734710
9.746514
9.768184
9.764872
9.756556
9.746514
9.758223
9.759888
9.749869
9.764872
9.744834
9.749869
9.738092
9.756556
9.763212
9.768184
9.759888
9.741467
9.743151
9.754888
9.754888
9.738092
9.761551
9.754888
9.751544
9.758223
9.746514
9.753217
9.769838
9.744834
9.761551
9.761551
9.753217
9.759888
9.729621
9.741467
9.754888
9.758223
9.766529
9.766529
9.751544
9.761551
9.749869
9.748193
9.754888
9.756556
9.749869
9.748193
9.769838
9.741467
9.746514
9.746514
9.753217
9.761551
9.734710
9.743151
9.754888
9.764872
9.778077
9.731319
9.763212
9.726218
9.746514
9.764872
9.763212
9.749869
9.781360
9.764872
9.727920
9.738092
9.744834
9.736402
9.741467
9.748193
9.753217
9.761551
9.761551
9.758223
9.764872
9.751544
9.746514
9.749869
9.748193
9.759888
9.761551
9.749869
9.744834
9.764872
9.733015
9.769838
9.741467
9.769838
9.758223
9.749869
9.746514
9.751544
9.756556
9.754888
9.756556
9.759888
9.744834
9.751544
9.748193
9.776433
9.774787
9.746514
9.759888
9.749869
9.741467
9.746514
9.761551
9.721099
9.744834
9.758223
9.763212
9.758223
9.748193
9.733015
9.734710
9.739781
9.733015
9.773139
9.743151
9.754888
9.754888
9.756556
9.741467
9.746514
9.761551
9.751544
9.759888
9.744834
9.743151
9.749869
9.758223
9.733015
9.754888
9.756556
9.743151
9.753217
9.748193
9.749869
9.744834
9.751544
9.756556
9.753217
9.749869
9.759888
9.749869
9.738092
9.743151
9.751544
9.738092
9.766529
9.748193
9.753217
9.749869
9.756556
9.743151
9.753217
9.768184
9.761551
9.758223
9.754888
9.763212
9.751544
9.756556
9.761551
9.753217
9.751544
9.761551
9.748193
9.764872
9.748193
9.736402
9.744834
9.736402
9.749869
9.743151
9.736402
9.754888
9.751544
9.744834
9.756556
9.764872
9.769838
9.751544
9.753217
9.741467
9.744834
9.743151
9.751544
9.751544
9.748193
9.754888
9.758223
9.769838
9.766529
9.763212
9.761551
9.761551
9.764872
9.754888
9.756556
9.736402
9.756556
9.753217
9.726218
9.768184
9.764872
9.754888
9.778077
9.748193
9.774787
9.738092
9.756556
9.759888
9.766529
9.764872
9.739781
9.761551
9.758223
9.756556
9.769838
9.746514
9.754888
9.748193
9.759888
9.743151
9.756556
9.768184
9.766529
9.739781
9.764872
9.758223
9.751544
9.759888
9.761551
9.744834
9.749869
9.743151
9.751544
9.743151
9.759888
9.744834
9.744834
9.753217
9.766529
9.753217
9.764872
9.741467
9.754888
9.749869
9.778077
9.746514
9.753217
9.761551
9.764872
9.758223
9.764872
9.741467
9.753217
9.756556
9.763212
9.753217
9.744834
9.744834
9.761551
9.753217
9.751544
9.736402
9.763212
9.753217
9.741467
9.768184
9.744834
9.756556
9.749869
9.764872
9.741467
9.743151
9.754888
9.746514
9.764872
9.754888
9.749869
9.741467
9.715962
9.743151
9.741467
9.759888
9.751544
9.759888
9.733015
9.751544
9.738092
9.738092
9.754888
9.761551
9.771489
9.756556
9.753217
9.743151
9.738092
9.748193
9.751544
9.758223
9.759888
9.736402
9.733015
9.748193
9.764872
9.756556
9.743151
9.758223
9.756556
9.768184
9.749869
