similarity
0.916667
0.300000
0.571429
0.500000
0.428571
0.103448
0.800000
0.800000
0.666667
0.428571
1.000000
0.571429
0.375000
0.593750
0.916667
0.300000
0.571429
0.571429
0.428571
0.088235
0.600000
0.800000
0.666667
0.428571
0.857143
0.714286
0.375000
0.625000
0.888889
0.300000
0.800000
0.400000
0.428571
0.093750
0.800000
0.800000
0.666667
0.500000
0.857143
0.714286
0.375000
0.593750
0.888889
0.300000
0.571429
0.571429
0.428571
0.071429
1.000000
0.800000
0.666667
0.428571
0.857143
0.857143
0.375000
0.593750
0.888889
0.300000
0.571429
0.571429
0.428571
0.103448
0.800000
0.800000
0.666667
0.428571
0.857143
0.714286
0.375000
0.593750
0.916667
0.300000
0.571429
0.666667
0.428571
0.111111
0.800000
0.800000
0.666667
0.428571
0.857143
0.857143
0.375000
0.580645
0.833333
0.300000
0.800000
0.500000
0.428571
0.083333
1.000000
0.800000
0.666667
0.500000
0.714286
0.714286
0.375000
0.562500
0.916667
0.300000
0.400000
0.571429
0.428571
0.115385
0.800000
0.800000
0.666667
0.500000
0.857143
0.714286
0.375000
0.593750
0.861111
0.300000
0.400000
0.666667
0.428571
0.083333
1.000000
0.800000
0.666667
0.428571
0.857143
0.714286
0.375000
0.593750
0.888889
0.300000
0.571429
0.500000
0.428571
0.103448
1.000000
0.800000
0.666667
0.428571
0.857143
0.857143
0.375000
0.593750
0.888889
0.300000
0.500000
0.571429
0.428571
0.115385
1.000000
0.800000
0.666667
0.428571
1.000000
0.571429
0.375000
0.593750
0.916667
0.300000
0.571429
0.571429
0.428571
0.103448
0.800000
0.800000
0.666667
0.428571
0.857143
0.714286
0.375000
0.562500
0.916667
0.300000
0.666667
0.444444
0.428571
0.085714
1.000000
0.800000
0.666667
0.428571
0.857143
0.714286
0.375000
0.593750
0.888889
0.300000
0.272727
0.666667
0.428571
0.083333
0.800000
0.800000
0.666667
0.500000
0.857143
0.714286
0.375000
0.625000
0.888889
0.300000
0.571429
0.800000
0.428571
0.103448
1.000000
0.800000
0.666667
0.500000
0.857143
0.714286
0.375000
0.562500
0.861111
0.300000
0.666667
0.400000
0.428571
0.085714
0.800000
0.800000
0.666667
0.428571
0.857143
0.857143
0.375000
0.580645
0.861111
0.300000
0.500000
0.500000
0.428571
0.083333
0.800000
0.800000
0.666667
0.428571
1.000000
0.571429
0.375000
0.593750
0.861111
0.300000
0.666667
0.571429
0.428571
0.083333
0.800000
0.800000
0.666667
0.428571
1.000000
0.857143
0.375000
0.625000
0.916667
0.300000
0.666667
0.800000
0.428571
0.111111
0.800000
0.800000
0.666667
0.600000
0.857143
0.571429
0.375000
0.593750
0.916667
0.300000
0.571429
0.363636
0.428571
0.090909
1.000000
0.800000
0.666667
0.428571
0.857143
0.714286
0.375000
0.593750
0.861111
0.300000
0.666667
0.571429
0.428571
0.100000
0.800000
0.800000
0.666667
0.428571
0.714286
0.714286
0.375000
0.593750
0.861111
0.300000
0.500000
0.500000
0.428571
0.083333
0.800000
0.800000
0.666667
0.428571
1.000000
0.571429
0.375000
0.593750
0.916667
0.300000
0.571429
0.800000
0.428571
0.083333
0.800000
0.800000
0.666667
0.428571
0.857143
0.714286
0.375000
0.593750
0.888889
0.300000
0.666667
0.666667
0.428571
0.115385
0.800000
0.800000
0.666667
0.428571
0.857143
0.714286
0.375000
0.562500
0.861111
0.300000
0.666667
0.266667
0.428571
0.085714
0.800000
0.800000
0.666667
0.428571
0.857143
0.571429
0.375000
0.562500
0.861111
0.300000
0.500000
0.500000
0.428571
0.115385
1.000000
0.800000
0.666667
0.428571
1.000000
0.857143
0.375000
0.625000
0.944444
0.300000
0.666667
0.363636
0.428571
0.085714
1.000000
0.800000
0.666667
0.428571
0.714286
0.714286
0.375000
0.593750
0.888889
0.300000
0.571429
0.363636
0.428571
0.090909
1.000000
0.800000
0.666667
0.428571
0.857143
0.714286
0.375000
0.593750
0.944444
0.300000
0.444444
0.444444
0.428571
0.071429
0.800000
0.800000
0.666667
0.428571
0.714286
0.571429
0.375000
0.562500
0.888889
0.300000
0.400000
0.444444
0.428571
0.115385
1.000000
0.800000
0.666667
0.428571
0.857143
0.714286
0.375000
0.562500
