1.216511
-189.754617
0.227395
-1.891535
-0.325156
0.956428
-0.000044
-0.219740
0.199321
-1.262781
-67.116030
-0.478629
-0.135522
0.596820
0.868526
1.319406
0.806269
-131.643442
-11.685265
-0.311536
1.413221
1.469624
0.592211
-6.192391
1.472595
0.975216
-2.401679
-0.118017
-1.742794
1.246882
0.247607
0.687603
1.403005
-2.870076
0.122403
1.431812
0.934345
-1.423194
-485.123227
0.189263
0.564263
-1.352690
-0.348565
0.746546
-1.133583
0.775425
0.696296
-2.366853
-6.231378
-0.210717
-0.111609
0.703405
0.939893
-248.842093
1.230842
-5264.468754
0.978954
0.824553
0.281502
0.921454
1.205570
-0.536012
0.893681
-1.225543
1.338387
0.603604
-2.148689
-1.420502
0.843810
1.358924
-14.049920
0.535833
0.770755
-0.608619
0.916432
-3.367287
1.247107
-0.771791
1.356384
0.400347
0.429939
0.432427
0.467860
0.181996
1.192982
0.033470
0.455634
0.953520
1.220874
-1.316900
1.563803
1.423878
1.129897
1.368712
1.471875
1.394306
1.499348
1.353455
1.426848
1.420960
1.512726
1.520631
1.371771
1.396696
1.464644
1.319409
1.540793
1.262654
1.435476
1.566527
1.301766
1.442771
1.514584
1.311769
1.445832
1.384347
1.382480
1.426847
1.572329
1.456935
1.466054
1.489034
1.471940
1.552638
1.503528
1.482217
1.577539
1.518483
1.479491
1.484203
1.446162
1.436903
1.426019
1.389165
1.488601
1.464330
1.491156
1.512944
1.470163
1.451845
1.432513
1.473074
1.434489
1.340553
1.563033
1.510492
1.471272
1.521802
1.413123
1.456665
1.495870
1.428361
1.463552
1.390941
1.344516
1.460387
1.442363
1.409763
1.542213
1.284431
1.569404
1.491957
1.510817
1.488387
1.414355
1.487201
1.478357
1.396728
1.378640
1.480698
1.495905
1.456026
1.436054
1.489568
1.468910
1.489537
1.537560
1.472696
1.438657
1.508838
1.445283
1.500643
1.457415
1.433013
1.420306
1.465943
1.406393
1.488350
1.509293
1.483602
1.412551
1.287962
1.442993
1.384343
1.350028
1.471386
1.403741
1.417191
1.403962
1.445945
1.439656
1.452625
1.416890
1.450245
1.458150
1.380419
1.428687
1.525888
1.418002
1.480033
1.478920
1.472221
1.432583
1.430340
1.482125
1.452205
1.348060
1.450643
1.521729
1.462717
1.464900
1.446816
1.440328
1.419155
1.450017
1.450030
1.440359
1.486570
1.439998
1.501441
1.488969
1.435916
1.463955
1.417879
1.516601
1.428724
1.450086
1.441665
1.432694
1.481111
1.429527
1.466211
1.444940
1.429405
1.450483
1.435263
1.445960
1.408919
1.409019
1.476895
1.460426
1.428785
1.440493
1.445085
1.432901
1.465199
1.444756
1.401304
1.467765
1.465826
1.447109
1.447947
1.423978
1.457395
1.482646
1.477582
1.470186
1.457245
1.464961
1.454813
1.448794
1.408726
1.425265
1.440977
1.442007
1.436888
1.444987
1.485630
1.461919
1.440728
1.458070
1.463507
1.458467
1.450838
1.468360
1.454435
1.414233
1.425421
1.449491
1.444550
1.447185
1.443104
1.431607
1.444248
1.397260
1.472998
1.375835
1.483500
1.507899
1.446305
1.421482
1.438993
1.463753
1.444492
1.458449
1.459800
1.482147
1.409070
1.451212
1.446965
1.450637
1.421725
1.421518
1.438292
1.445662
1.436961
1.448135
1.455759
1.435575
1.430488
1.421664
1.441784
1.506056
1.455271
1.444340
1.481900
1.474293
1.422551
1.464556
1.452402
1.439221
1.480556
1.386052
1.445108
1.454730
1.429777
1.502645
1.407868
1.430868
1.452065
1.448008
1.471039
1.476917
1.440154
1.453245
1.497192
1.455568
1.435903
1.474638
1.474584
1.445113
1.461954
1.465390
1.435126
1.436631
1.462228
1.456639
1.423530
1.441411
1.474930
