entropy
0.973192
1.554980
-0.005833
0.700253
0.901081
-89.625915
-0.568489
-0.257906
0.640286
-0.161593
0.925542
-3.067275
0.897209
0.582301
1.346863
0.191744
0.601284
-0.421831
0.736679
1.048474
0.008537
0.203494
1.108220
-0.608147
0.352801
0.678519
0.667356
-0.725910
-2.609325
1.091648
-1.667750
0.682065
1.048765
0.904472
0.962076
0.333955
0.869053
0.410045
-0.896574
-0.325635
-0.189333
0.904676
-0.720772
0.914085
1.118433
0.375813
-0.538866
1.102593
0.018299
-1.024431
0.379826
-6.332159
1.415136
-3.105007
-183.645846
-4.266236
0.925822
0.904693
1.488058
0.622882
1.420255
0.765450
-79.837345
1.134459
0.582881
-0.080079
-0.536011
-5.700197
0.665818
1.179932
0.900394
-2.804809
1.067313
1.005036
0.960862
1.475769
-0.677798
-0.612077
0.699627
-0.139754
0.318835
1.314675
0.007445
-3.120104
0.531941
-1.349419
0.605003
0.835423
1.055195
-3.419143
1.459508
1.448479
1.446009
1.468641
1.415343
1.445998
1.440725
1.438993
1.462064
1.455538
1.463090
1.455146
1.451964
1.444916
1.458124
1.473704
1.439423
1.450725
1.449095
1.446476
1.447216
1.454900
1.433252
1.447740
1.422010
1.465142
1.477030
1.460900
1.458583
1.456600
1.435408
1.451932
1.442131
1.455725
1.435731
1.445235
1.445382
1.450447
1.466815
1.451276
1.453628
1.435214
1.452879
1.441515
1.451362
1.431775
1.447453
1.456366
1.429845
1.456758
1.460535
1.449041
1.449223
1.442630
1.456486
1.444485
1.462193
1.452557
1.441965
1.435639
1.443773
1.467461
1.452133
1.454995
1.451367
1.450307
1.428816
1.452971
1.440408
1.453266
1.451926
1.444275
1.453638
1.448426
1.444400
1.446260
1.448808
1.454347
1.453409
1.448376
1.452491
1.432214
1.447724
1.437577
1.456213
1.444884
1.446353
1.441532
1.450992
1.444453
1.447635
1.450680
1.454626
1.449941
1.451550
1.446511
1.447389
1.447132
1.446942
1.451427
1.460701
1.454743
1.456202
1.461100
1.448614
1.458255
1.448159
1.449476
1.445787
1.444405
1.457888
1.442040
1.452142
1.450257
1.457323
1.448276
1.440032
1.450447
1.448134
1.456473
1.447455
1.445284
1.451669
1.450067
1.449725
1.452968
1.455404
1.447497
1.450810
1.446412
1.451158
1.445797
1.449171
1.451420
1.450629
1.452562
1.447521
1.460095
1.456777
1.451085
1.446157
1.449257
1.452839
1.453259
1.450807
1.443567
1.432984
1.458657
1.451791
1.448151
1.456136
1.450240
1.446088
1.452767
1.450601
1.452029
1.457258
1.453378
1.446503
1.459525
1.449784
1.456650
1.449077
1.443948
1.449271
1.453805
1.443122
1.450492
1.442578
1.450429
1.451345
1.442668
1.449429
1.456557
1.447571
1.454169
1.449495
1.439083
1.450444
1.450604
1.451179
1.447061
1.452749
1.450416
1.447125
1.443318
1.453789
1.450035
1.451389
1.442480
1.459948
1.448065
1.456682
1.450502
1.450979
1.451310
1.449520
1.450274
1.451403
1.455941
1.452207
1.448940
1.459040
1.451630
1.448999
1.453872
1.448400
1.451847
1.449555
1.459661
1.452107
1.442759
1.450738
1.454933
1.453698
1.450436
1.450817
1.453496
1.451646
1.450617
1.451386
1.454744
1.450890
1.452394
1.449585
1.448828
1.451225
1.450581
1.451808
1.449402
1.449746
1.453978
1.448427
1.452206
1.449685
1.451497
1.451734
1.454259
1.453224
1.448948
1.451392
1.450585
1.451881
1.451443
1.446661
1.450461
1.452271
1.452559
1.451989
1.448425
1.451192
1.452760
1.451353
1.448994
1.449678
1.451143
1.454138
1.449759
1.451677
1.454146
1.451515
1.451309
1.445992
1.449730
1.454613
1.449914
1.448537
1.443893
1.451255
1.450708
1.448526
1.448774
1.446831
1.448502
1.441272
1.448606
1.451194
1.449841
1.450393
1.454082
1.452058
1.450132
1.450325
1.450482
1.452704
1.457021
1.447241
1.454393
1.453290
1.444676
1.449622
1.446628
1.455639
1.448098
1.451795
1.447983
1.454166
1.453194
1.444694
1.450448
1.452671
1.449625
1.450515
1.450711
1.451135
1.446815
1.444937
1.450334
1.447263
1.450239
1.448889
1.453961
1.450503
1.451564
1.453594
1.453121
1.450741
1.454586
1.452275
1.451210
1.447375
1.451859
1.450110
1.450314
1.451935
1.449370
1.454797
1.448909
1.449167
1.450600
1.449066
1.452401
1.452190
1.450679
1.449459
1.451631
1.445081
1.449720
1.441288
1.451058
1.450364
1.447972
1.448515
1.447370
1.448877
1.450629
1.450436
1.449435
1.452441
1.452138
1.453844
1.446704
1.450877
1.451678
1.449486
1.453283
1.454174
1.444931
1.450919
1.455629
1.450290
1.449496
1.451328
1.451127
1.452927
1.448289
1.445116
1.448108
1.452472
1.450618
1.447953
1.452076
1.454157
1.449249
1.449667
1.450644
1.455744
1.449222
1.452566
1.452691
1.452230
1.451775
1.448563
1.451270
1.452143
1.453187
1.449730
1.451605
1.449941
1.449739
1.452962
1.447860
1.447278
1.449462
1.449901
1.450388
1.451223
1.451431
1.453835
1.453993
1.447882
1.450526
1.449980
1.451036
1.450243
1.453394
1.447566
1.446712
1.452461
1.449330
1.450647
1.448605
1.450831
1.452069
1.449303
1.451625
1.450644
1.449653
1.450441
1.449141
1.451882
1.449885
1.454306
1.450865
1.451249
1.449420
1.449463
1.452642
1.449617
1.451027
1.451465
1.451651
1.448804
1.450000
1.448030
1.450661
1.450922
1.453027
1.453954
1.450068
1.451391
1.450312
1.455584
1.450701
1.452146
1.449504
1.450166
1.450777
1.449843
1.458058
